0
633
0
0
0
246
388
0
0
74
259
85
164
165
68
0
0
0
298
109
0
0
43
256
102
0
0
106
0
123
30
0
0
0
0
0
28
95
91
0
119
123
109
0
108
471
142
222
60
97
52
0
0
23
0
0
212
110
92
308
0
0
0
0
65
85
124
0
70
150
0
24
0
0
148
90
34
34
26
0
91
116
103
54
0
24
24
49
0
23
0
0
44
67
36
40
96
593
84
10
119
10
10
10
184
290
28
0
25
518
678
137
0
98
0
0
0
0
0
0
0
139
0
147
95
137
77
115
55
20
172
0
10
10
51
133
280
0
87
22
75
0
42
24
512
240
55
96
0
0
0
71
24
129
0
0
0
188
0
0
102
0
51
23
87
30
23
77
48
112
0
0
0
0
0
0
360
0
0
578
484
0
0
73
0
47
36
70
0
38
0
75
0
148
84
0
39
160
257
126
529
82
113
724
0
0
0
0
0
799
151
108
110
213
138
0
10
0
0
0
206
241
0
0
0
339
0
478
117
273
0
0
499
155
0
565
549
503
0
0
0
99
210
0
0
0
412
542
413
166
0
0
0
88
145
0
234
0
0
181
205
0
0
0
0
0
0
104
0
0
0
135
138
472
229
473
0
0
0
179
0
136
0
34
119
0
0
0
0
0
111
0
0
155
0
0
106
219
30
99
0
0
500
305
224
0
0
105
0
235
111
877
114
418
118
115
0
238
0
0
128
0
254
149
0
0
0
370
0
0
334
401
34
0
135
0
40
0
94
0
0
91
692
36
0
114
215
0
0
115
0
0
124
125
309
0
546
0
0
0
0
125
632
0
0
0
177
0
125
132
0
131
620
0
195
0
46
126
83
75
0
116
0
22
0
0
0
112
85
154
324
0
22
300
0
120
32
0
20
102
26
167
115
0
64
41
40
42
217
109
36
187
0
0
0
0
125
24
30
0
109
0
204
26
141
125
0
0
0
0
0
0
0
0
0
224
93
0
55
55
28
166
85
129
119
0
0
74
332
150
100
0
0
0
0
20
86
0
0
38
0
24
0
0
36
0
68
70
0
0
31
0
0
225
111
124
0
0
118
0
89
0
0
72
60
0
69
0
123
175
162
0
0
0
73
0
594
90
66
0
0
257
232
0
214
133
23
0
30
29
0
34
30
31
27
0
173
24
165
24
0
24
64
0
132
339
0
0
67
23
161
35
84
71
55
65
23
0
135
37
0
67
0
120
121
303
29
108
26
0
148
150
66
76
23
92
0
154
48
93
72
0
184
0
0
0
0
0
0
0
0
0
0
0
0
0
0
0
0
0
0
0
0
0
0
0
0
0
0
0
0
0
0
0
0
0
0
0
0
0
0
0
0
0
0
0
0
0
0
0
0
0
0
0
0
0
0
0
0
0
0
0
0
0
0
0
0
0
0
0
0
0
0
0
0
0
0
0
0
0
0
0
0
0
0
0
0
0
0
0
0
0
0
0
0
0
0
0
0
0
0
0
0
0
0
0
0
0
0
0
0
0
0
0
0
0
0
263
0
79
128
0
86
0
202
249
54
54
167
12
35
34
34
34
44
36
246
120
42
41
37
37
40
79
330
0
182
32
77
18
0
0
82
0
853
142
0
0
397
0
0
0
24
0
122
85
0
0
154
0
583
126
124
136
80
81
115
0
0
107
0
84
356
164
0
39
0
0
856
0
0
0
0
0
107
0
43
55
38
0
0
0
110
0
60
0
0
70
342
0
0
0
0
69
140
0
22
0
55
0
78
46
0
72
0
0
0
98
0
0
0
119
0
165
0
0
0
106
137
0
174
0
0
0
0
0
0
0
0
0
0
57
0
0
0
0
149
58
73
0
105
0
0
0
0
0
0
0
22
312
24
0
0
277
90
207
235
177
0
233
202
0
131
645
155
0
70
0
73
69
97
142
173
401
0
160
291
138
0
125
0
119
0
0
0
54
26
264
131
0
102
0
138
279
316
585
0
0
0
30
341
0
236
134
92
112
32
201
0
442
99
0
0
0
351
68
252
103
0
158
36
48
0
355
97
0
0
0
212
0
0
0
0
100
0
220
0
0
248
0
167
337
646
0
110
911
344
0
0
116
110
0
134
0
24
0
0
303
213
145
308
122
344
41
42
100
0
0
0
38
0
0
279
84
0
338
0
0
24
0
544
0
0
136
0
0
0
0
103
322
0
223
42
0
305
0
44
330
128
0
0
36
259
468
96
18
106
0
186
0
0
213
0
0
0
82
0
0
142
53
155
0
0
101
0
0
0
72
123
36
87
179
0
51
0
145
75
40
0
483
131
0
285
120
125
0
364
0
0
78
109
0
85
63
0
48
277
0
0
61
102
0
0
0
210
0
0
234
0
42
42
0
148
0
0
0
0
65
38
114
0
0
0
71
0
25
29
244
173
191
64
72
133
0
104
0
197
126
113
162
289
0
119
0
316
166
0
73
169
0
24
32
0
0
180
0
103
0
0
129
211
123
104
198
120
154
0
0
87
28
324
107
278
0
0
0
0
38
134
0
24
0
51
81
85
64
0
0
60
0
0
273
0
0
87
43
0
119
182
0
0
0
0
24
0
0
0
132
141
0
0
30
270
355
96
0
239
45
62
193
105
0
0
0
24
0
0
28
0
42
27
0
0
97
113
0
94
64
104
0
0
151
48
0
199
65
0
0
141
0
0
107
47
317
0
0
0
343
261
0
154
219
0
108
0
75
0
143
357
120
315
276
311
379
0
206
56
54
0
0
98
0
0
0
0
41
206
0
97
98
0
0
0
0
25
0
0
0
90
26
0
0
0
67
29
166
261
0
0
0
0
147
613
0
0
0
0
147
182
0
107
0
0
203
34
69
0
0
40
528
0
85
430
55
0
0
106
26
0
0
69
0
0
131
99
195
0
70
117
0
0
120
270
38
0
163
0
0
25
596
106
145
0
125
0
0
713
0
97
0
0
40
940
70
118
133
178
44
0
0
94
0
25
0
24
0
25
97
32
0
0
44
100
0
0
127
0
0
0
123
109
23
22
198
87
29
0
188
0
0
176
50
0
0
153
66
282
0
0
93
60
259
0
40
82
0
193
182
0
393
0
0
117
0
0
102
0
271
25
76
0
54
25
0
35
125
0
316
285
0
0
139
0
84
49
87
29
0
125
198
0
0
0
0
39
322
135
219
0
122
0
0
108
0
337
0
0
0
0
0
32
431
0
0
0
53
0
187
124
75
0
0
0
69
149
24
38
0
146
0
175
0
0
0
93
133
95
0
0
160
0
0
66
0
0
0
431
63
0
0
97
87
0
0
0
0
353
38
0
73
0
23
0
0
0
0
0
203
398
0
90
0
0
29
0
0
0
0
85
0
0
0
49
64
66
0
26
80
331
229
45
0
251
70
0
0
87
0
26
0
0
0
67
0
32
0
0
0
0
82
136
36
0
0
65
57
48
40
138
72
0
0
38
141
0
636
38
79
0
0
0
130
0
120
0
25
23
0
0
0
227
0
0
497
105
24
187
403
0
0
579
0
145
99
74
0
57
24
23
59
121
105
117
0
0
244
0
140
0
848
0
142
694
0
80
151
29
0
104
0
258
0
0
0
0
0
0
0
128
0
0
59
184
0
0
0
113
134
77
0
86
554
0
0
0
0
659
0
0
107
98
0
64
197
0
0
119
0
87
0
0
148
0
99
361
0
0
0
104
67
216
0
89
133
71
0
0
0
24
61
180
48
211
25
0
75
284
117
79
48
73
104
0
0
0
32
75
140
0
0
0
0
0
98
277
246
99
71
71
108
141
108
873
0
122
0
74
0
26
212
0
0
223
121
337
0
343
0
0
0
0
0
0
0
0
0
156
0
33
114
0
359
0
0
24
310
30
0
434
26
0
0
99
152
600
0
0
67
0
283
0
265
130
0
162
335
0
0
0
268
71
77
0
0
0
0
0
90
0
0
0
158
70
0
0
0
0
0
24
101
65
70
0
29
122
153
0
25
110
25
0
273
258
116
0
0
0
412
0
0
0
0
0
28
0
92
0
203
0
203
76
0
214
0
42
0
0
23
136
36
0
74
0
92
0
0
0
0
432
516
0
120
0
0
25
148
128
0
0
0
22
0
0
0
24
0
0
0
0
0
0
0
88
0
0
129
884
52
0
210
0
0
299
48
0
143
97
133
268
80
0
46
0
59
0
20
160
0
208
0
587
184
104
129
0
0
0
0
0
0
0
56
110
22
0
118
0
77
276
0
170
0
151
0
0
114
118
0
0
531
265
0
0
0
0
0
0
203
129
0
0
201
413
0
250
0
0
135
0
246
30
0
139
85
0
181
0
99
387
892
191
0
0
0
113
0
769
0
0
62
0
105
132
341
119
0
0
0
0
0
290
0
250
83
0
0
232
0
196
177
0
223
121
0
0
0
0
0
0
528
310
42
0
1008
313
110
63
463
0
0
210
53
0
0
0
95
140
0
0
0
84
0
71
36
0
0
0
18
0
16
655
0
0
0
283
156
385
0
0
0
92
405
0
140
42
108
88
127
121
0
362
0
98
180
0
0
79
0
0
0
53
0
119
0
199
294
94
45
159
50
0
0
0
125
0
18
0
0
0
77
0
0
73
0
120
0
87
80
246
32
0
0
0
0
240
85
91
0
0
0
0
618
0
0
582
42
0
22
0
0
0
0
0
111
243
0
0
0
0
71
207
0
0
0
0
0
0
320
0
32
0
0
98
0
0
155
0
160
40
96
0
67
41
0
0
0
0
96
254
45
331
0
114
0
108
560
131
0
398
0
0
433
28
0
0
0
82
0
318
0
186
0
0
83
0
0
20
58
0
0
0
0
0
0
0
0
0
0
36
74
0
81
0
23
25
108
0
22
0
103
0
0
0
29
0
0
32
63
326
26
0
36
224
146
40
109
24
0
34
0
0
32
127
28
0
0
219
80
91
0
294
61
0
101
138
239
150
714
197
0
0
0
136
497
0
79
133
20
0
0
0
25
117
29
0
0
22
108
0
189
20
595
0
156
154
67
251
111
864
0
54
142
44
0
105
0
45
58
25
74
76
0
0
0
22
0
236
178
0
95
0
555
76
145
0
0
0
482
0
83
145
0
0
0
65
88
96
0
123
690
37
219
0
150
0
65
74
0
353
79
0
126
0
0
0
0
206
0
0
0
24
84
0
0
0
0
0
73
94
0
0
71
0
211
86
0
0
314
70
103
235
0
148
0
0
0
120
0
0
0
36
0
42
49
0
63
353
28
0
0
0
0
34
73
0
131
28
111
36
23
23
0
123
0
72
0
33
25
25
0
157
0
570
101
771
0
0
338
28
367
0
0
0
0
0
90
184
609
0
0
125
128
0
0
119
735
285
26
0
141
72
0
149
819
0
38
101
0
0
262
213
23
0
75
118
0
33
24
52
0
0
0
34
36
0
146
232
0
0
62
39
103
0
0
0
0
0
381
0
99
72
120
0
0
0
107
0
0
728
108
0
0
0
149
67
232
135
77
0
0
25
38
34
0
0
0
0
99
220
240
0
0
119
0
0
0
429
0
83
65
26
0
97
0
0
44
40
215
139
0
222
174
0
0
82
595
165
0
74
61
283
0
23
129
98
0
0
0
61
0
49
241
205
0
32
193
38
26
0
121
476
0
0
0
32
225
0
0
512
0
0
225
120
474
0
124
0
115
81
65
198
1122
616
0
84
0
176
0
104
68
104
139
87
0
379
135
0
0
124
158
126
0
256
92
255
0
303
0
54
80
104
106
106
269
717
123
0
230
74
47
103
65
90
0
28
71
31
103
84
66
140
0
109
0
123
0
114
47
104
24
68
0
28
47
29
92
0
30
0
0
71
25
0
34
189
26
362
0
0
26
0
144
104
0
58
0
109
0
24
110
0
64
0
87
0
0
0
115
1019
105
191
0
24
36
0
0
61
0
0
0
35
0
0
169
24
156
0
72
254
0
0
0
0
0
0
95
0
143
88
28
105
0
378
0
0
0
0
0
184
105
78
0
0
166
71
0
98
107
0
0
0
96
89
0
75
0
0
93
20
0
0
149
0
59
0
0
330
73
193
0
0
144
0
72
0
255
97
582
0
76
101
0
0
0
0
0
0
0
128
412
0
142
0
0
82
0
0
0
214
0
102
0
48
24
0
812
0
171
122
102
0
0
0
0
0
0
0
87
0
0
0
158
335
34
293
0
199
187
103
165
128
92
66
0
72
0
36
76
0
0
131
61
169
93
192
434
0
122
214
94
0
32
29
23
0
835
0
286
0
35
0
27
109
321
20
159
0
31
0
150
0
355
518
150
18
0
0
137
32
335
53
32
390
248
0
0
198
87
0
24
128
32
0
132
0
89
0
0
150
188
71
0
0
0
0
38
69
116
473
0
0
0
0
743
99
0
44
0
93
87
0
0
0
110
0
0
0
62
157
25
59
145
0
110
0
0
125
140
97
0
0
0
91
0
431
0
104
69
0
0
34
0
68
39
0
0
0
55
0
0
102
154
0
0
82
0
24
233
0
0
132
0
0
0
0
0
104
104
106
0
0
0
112
0
0
0
0
134
23
20
0
0
112
282
0
24
226
253
130
124
57
0
146
106
434
531
29
67
24
64
94
0
0
48
0
0
374
0
105
22
16
0
214
0
96
119
54
191
312
0
110
95
117
88
56
117
313
206
253
112
73
73
74
72
124
433
112
0
421
0
95
254
0
473
221
209
102
142
117
779
0
0
142
121
0
94
0
0
0
0
134
0
0
170
225
200
90
0
328
69
0
109
133
95
0
0
36
100
54
143
151
0
0
453
0
107
242
121
0
763
691
0
0
679
665
109
299
0
254
0
0
355
0
0
349
24
136
26
106
207
75
22
80
99
118
0
91
114
473
48
0
138
0
114
0
0
371
73
0
0
40
32
593
115
0
870
0
57
215
155
0
116
276
278
32
0
80
344
471
0
96
0
115
28
368
77
359
34
34
127
0
93
71
211
225
108
79
0
87
0
124
0
0
179
183
108
0
125
0
89
180
588
0
0
34
535
0
337
114
0
93
104
179
0
0
22
0
0
125
123
0
125
151
111
44
226
0
398
101
81
0
0
199
0
0
124
34
0
0
279
0
0
165
107
115
377
0
224
0
24
0
286
28
148
64
0
119
0
120
55
0
0
0
0
203
0
120
0
0
0
111
93
0
152
75
0
26
197
0
87
36
149
344
0
87
0
0
0
300
106
0
0
0
0
113
131
82
97
0
0
124
106
0
0
0
0
131
338
0
95
0
0
184
81
0
105
0
0
73
73
0
0
0
0
0
18
0
0
0
122
0
128
409
78
0
0
307
24
0
231
0
114
63
115
57
0
90
0
44
93
0
426
0
118
117
0
95
585
0
252
0
230
113
130
0
108
159
214
207
0
0
0
134
430
0
171
0
523
0
0
71
0
191
0
0
92
0
0
375
44
0
0
70
178
0
32
307
0
0
85
118
54
38
100
203
94
0
150
118
0
183
0
113
99
124
0
0
117
0
180
218
0
332
24
151
106
209
196
253
118
134
34
95
26
162
56
0
127
97
79
0
197
302
216
34
0
108
0
128
24
195
0
0
18
213
68
0
89
0
0
34
375
229
0
0
0
0
36
49
0
272
117
40
0
115
0
28
177
0
140
653
0
0
0
255
49
562
0
0
104
114
141
0
0
0
116
28
0
0
165
0
377
0
334
0
124
112
92
103
36
172
564
125
0
0
67
0
0
0
443
236
0
0
111
0
88
0
0
347
0
441
200
178
0
0
203
849
0
26
198
0
0
203
131
398
353
241
0
114
227
110
82
0
236
0
0
145
109
95
102
0
0
184
63
96
0
30
101
0
0
218
28
101
101
0
0
266
0
863
0
366
143
184
344
0
0
0
180
0
47
0
0
0
0
30
507
0
115
0
183
0
193
546
0
358
0
0
101
0
0
184
0
0
0
375
0
82
0
198
0
0
239
222
100
983
682
0
0
28
261
627
228
342
181
0
155
0
185
0
0
0
0
0
199
166
0
290
131
0
129
0
0
0
619
458
87
0
0
0
141
24
692
122
125
304
69
0
92
71
63
25
0
108
0
106
86
26
303
0
273
0
30
270
632
364
73
118
124
67
122
0
25
277
102
78
95
0
185
0
121
36
36
76
305
0
625
30
0
0
167
78
40
84
106
72
206
109
0
0
87
235
104
120
73
147
0
0
67
0
200
106
0
0
126
0
489
300
23
0
65
0
32
52
0
0
0
0
0
0
0
104
98
0
0
0
0
127
63
91
111
0
0
104
87
26
0
109
0
0
0
76
60
0
0
150
0
0
0
163
0
118
0
0
0
94
95
0
96
0
237
0
139
58
0
203
0
0
89
149
0
0
292
0
98
0
0
0
82
0
0
146
94
0
149
0
0
0
0
0
20
94
0
0
0
25
62
0
93
75
0
130
24
186
231
76
0
0
126
189
0
161
73
0
0
0
112
0
33
178
289
60
0
914
24
23
23
26
0
191
0
119
115
34
0
24
203
0
121
0
288
0
0
36
0
53
101
101
33
24
0
104
0
461
92
0
202
122
312
926
0
202
119
0
0
0
0
116
25
24
0
0
0
0
0
0
0
0
103
0
0
0
109
0
0
0
283
0
0
87
0
118
39
0
119
0
0
0
0
94
147
106
126
0
98
0
0
81
419
0
0
28
26
0
72
0
151
92
57
24
0
95
0
202
0
522
95
0
90
331
505
174
0
56
165
109
28
0
0
0
39
0
133
0
0
183
0
112
0
110
0
221
0
244
136
84
50
0
26
70
162
157
325
281
162
152
39
284
0
176
118
121
0
246
46
0
0
61
25
114
0
106
0
73
0
0
0
87
0
192
0
97
549
0
142
115
0
0
121
0
56
0
0
324
0
24
0
122
0
132
171
109
97
87
0
71
199
0
275
117
32
75
78
0
0
16
0
0
0
40
0
90
65
0
102
0
0
44
61
0
306
160
697
231
28
453
84
0
0
0
67
73
359
0
127
172
275
54
124
0
130
104
0
0
0
0
562
0
0
0
0
0
0
193
0
104
120
576
0
0
346
0
70
300
78
0
25
607
434
249
112
0
267
24
102
0
90
119
0
96
226
113
227
0
220
0
347
0
106
229
929
0
89
410
0
127
231
137
363
251
0
0
415
30
242
299
60
92
999
0
236
0
600
0
0
247
226
132
80
185
0
100
520
0
142
66
114
0
28
126
174
73
71
139
737
106
0
225
112
224
133
109
505
0
161
0
41
402
161
0
0
0
117
0
256
26
110
0
143
0
0
153
0
214
112
0
227
0
410
0
226
0
132
361
229
0
106
0
0
103
96
0
68
59
311
36
165
114
187
20
74
46
0
460
161
0
123
422
72
239
68
536
76
130
0
26
836
0
118
0
103
132
78
140
207
578
70
38
24
43
0
0
0
166
0
74
26
0
0
72
47
0
0
103
24
67
0
0
0
0
148
0
165
0
86
225
221
73
0
0
93
24
0
130
0
0
132
131
0
119
70
58
0
0
552
0
0
0
166
33
239
0
96
651
280
0
88
0
69
123
119
25
29
0
0
0
33
405
0
0
118
0
0
0
25
0
72
0
41
43
186
0
57
0
0
0
0
458
660
0
0
0
0
0
65
0
97
62
258
38
32
36
38
32
0
20
28
158
0
52
384
963
333
112
22
0
0
120
255
61
0
0
85
49
454
219
55
62
128
0
0
294
0
0
88
318
352
0
0
106
0
0
0
0
98
0
0
0
50
93
0
91
32
0
122
0
0
0
90
126
65
432
40
0
114
25
116
140
143
0
97
0
51
0
95
0
0
269
56
63
0
102
87
0
105
201
242
62
311
0
355
78
51
116
0
85
0
63
0
97
0
24
0
335
0
32
63
92
32
23
24
0
0
168
0
0
0
0
23
24
34
0
78
0
0
109
446
0
335
101
40
100
111
30
0
0
0
0
0
0
58
78
0
0
0
0
402
0
0
0
217
0
230
0
10
28
0
357
65
85
24
29
0
0
0
0
10
24
165
0
38
0
79
26
88
38
38
0
78
138
25
24
0
38
0
0
151
34
126
10
0
796
0
69
38
103
115
195
815
112
0
32
68
0
44
46
0
22
40
225
0
623
0
0
68
128
0
0
0
55
48
0
0
0
183
69
38
0
107
0
36
175
0
27
205
149
34
22
89
490
91
0
44
0
53
264
134
0
0
0
0
0
0
40
40
56
0
104
78
0
0
0
190
0
0
160
0
0
0
720
147
0
82
404
0
76
195
0
0
32
0
24
0
93
0
533
0
0
0
0
157
0
0
0
342
93
0
252
120
34
102
0
117
0
80
109
102
40
0
0
0
128
154
91
333
0
230
0
0
0
159
110
0
775
549
109
91
71
0
0
268
258
0
0
77
0
70
111
117
0
0
10
373
177
152
0
869
0
0
0
135
822
103
209
129
135
38
314
87
128
0
205
126
0
0
113
0
0
0
102
82
117
0
28
0
111
0
24
85
28
137
101
0
145
0
166
623
110
0
0
0
0
84
0
0
0
20
0
0
131
240
108
110
123
0
0
0
145
87
0
322
238
431
649
0
0
250
103
125
38
0
85
0
0
108
0
0
0
0
102
129
0
117
111
145
166
0
0
111
0
117
201
0
0
0
0
0
0
0
0
50
0
0
163
188
0
261
0
0
0
107
119
141
66
40
579
106
0
92
126
0
0
203
0
0
0
79
119
0
22
22
0
18
0
32
0
72
0
0
39
128
40
463
291
56
219
83
79
170
114
60
41
239
32
134
0
224
0
86
216
0
0
98
117
0
123
178
146
87
103
0
0
29
0
83
79
37
206
139
0
684
227
0
62
0
69
0
243
0
111
68
70
23
101
0
411
149
0
128
0
109
0
28
10
115
0
118
0
0
0
0
0
92
0
34
0
101
0
0
102
0
80
0
0
0
0
0
0
0
0
0
0
0
0
0
0
0
0
205
0
0
0
0
0
0
0
0
0
0
0
0
0
103
199
0
323
0
0
84
0
24
201
0
90
550
59
0
0
0
361
0
24
107
0
81
16
170
0
0
134
0
150
57
0
0
113
0
0
0
86
0
64
0
122
0
0
38
0
0
0
34
152
0
0
267
93
0
0
139
294
259
0
230
0
0
1088
0
0
0
0
0
0
420
98
442
75
71
24
0
0
22
28
0
234
91
91
101
0
0
0
0
183
0
106
0
205
0
53
0
0
0
0
97
0
304
0
0
0
111
527
0
24
42
0
129
0
0
0
0
25
35
0
81
84
329
0
0
0
0
0
146
0
0
26
45
0
94
0
36
52
0
131
25
0
0
0
0
0
0
0
80
0
121
0
209
91
0
0
161
0
0
130
0
88
93
113
0
24
0
68
0
75
74
123
54
30
103
140
381
83
34
68
427
20
0
0
0
0
0
24
0
1087
234
76
0
0
0
128
99
58
0
114
66
79
29
71
24
35
0
0
116
89
99
192
0
144
126
0
87
0
0
33
0
81
0
0
97
0
0
0
638
0
0
62
218
68
180
301
95
239
231
0
99
0
174
0
142
107
511
126
0
0
0
175
0
304
0
0
0
36
525
0
90
51
0
0
240
93
0
168
181
379
0
114
194
191
0
300
0
0
0
219
0
198
0
0
0
26
720
285
489
0
687
461
0
0
131
708
320
338
0
0
300
0
250
0
181
0
0
100
233
368
118
287
295
104
221
241
0
0
0
0
729
0
321
28
99
572
153
0
130
274
0
109
0
1208
99
207
0
120
159
120
0
132
107
0
0
256
0
102
0
0
111
91
0
380
393
104
47
96
0
71
342
0
111
421
101
0
0
0
0
229
42
0
243
40
212
200
128
951
0
127
0
0
0
148
0
115
0
321
70
358
452
113
719
196
0
130
99
325
219
250
172
0
191
26
436
323
83
219
0
810
222
96
196
0
277
57
84
0
141
35
0
0
47
70
0
0
0
47
98
0
0
105
71
88
227
100
138
954
0
32
143
0
206
0
0
22
125
116
20
138
148
80
73
108
291
10
0
287
313
82
0
89
0
36
688
24
0
0
88
44
93
278
0
81
46
90
60
47
169
60
0
10
173
0
0
308
69
0
0
0
250
0
30
0
42
921
373
32
167
0
0
390
129
0
116
0
0
97
137
198
437
256
0
571
0
72
0
119
0
140
0
36
0
92
0
0
90
149
79
115
173
599
0
24
85
83
93
0
0
0
92
163
117
0
0
102
0
0
133
0
136
0
0
20
122
0
142
120
64
62
73
131
98
53
216
0
181
0
0
0
39
121
233
151
117
248
0
420
0
46
69
0
0
79
144
0
592
0
50
58
657
279
824
195
98
28
49
0
0
0
128
0
35
0
354
0
94
0
0
40
94
37
0
71
65
37
0
30
116
104
96
24
0
0
131
154
401
186
0
0
217
0
0
0
0
320
104
183
0
104
0
24
227
0
203
202
0
26
0
69
132
74
73
0
36
0
71
67
0
43
172
509
160
134
47
24
0
0
18
0
0
0
52
351
39
29
0
154
114
0
814
0
112
137
96
68
106
26
0
469
30
30
129
0
63
135
0
0
53
0
0
112
87
0
200
137
0
0
0
0
0
103
55
54
98
93
126
276
0
104
0
76
26
25
0
44
0
69
108
242
148
0
0
0
69
0
42
0
0
107
0
0
0
75
0
0
88
0
41
148
0
119
0
24
168
149
38
0
115
126
104
0
342
107
0
0
126
147
0
42
0
36
0
101
143
0
126
88
93
116
101
24
24
24
98
0
221
0
40
111
221
113
0
0
89
0
61
42
42
116
0
92
256
329
0
118
24
24
96
532
0
327
108
32
0
0
0
0
0
0
24
417
0
0
0
239
32
109
0
482
444
227
121
0
22
46
290
0
180
23
23
24
77
208
100
0
333
0
23
0
63
77
0
115
0
0
104
88
178
104
132
52
52
240
0
200
0
0
48
277
116
403
0
26
271
206
115
45
0
0
630
94
0
32
493
0
226
38
404
0
0
0
0
0
0
0
0
678
519
83
0
127
60
0
136
465
668
261
250
0
108
292
332
0
0
351
50
109
0
714
0
0
44
40
397
0
129
817
0
240
145
339
0
38
97
0
0
111
101
0
0
109
0
0
0
75
512
0
0
244
0
0
74
0
217
120
0
36
99
0
274
195
0
0
42
0
217
374
152
427
0
219
0
74
0
0
0
678
0
0
47
0
0
0
0
95
0
238
0
255
0
0
113
0
54
50
0
0
547
76
0
0
58
0
0
248
307
753
138
0
0
0
0
126
421
386
0
93
144
111
55
151
0
0
38
43
0
158
96
118
76
53
35
25
18
0
0
0
141
0
0
37
0
0
83
40
0
0
0
68
118
83
61
115
135
0
61
47
34
0
701
0
0
0
60
88
128
0
84
99
76
0
0
258
125
0
88
82
0
20
0
0
0
199
221
0
82
77
93
0
0
160
336
40
57
102
52
0
0
36
32
26
0
57
1202
161
0
0
0
0
92
0
72
70
0
0
0
93
0
131
0
0
69
0
62
123
0
0
0
66
0
0
32
90
0
0
91
32
0
47
0
0
270
0
220
28
83
0
0
75
0
0
25
201
114
0
274
0
0
0
52
57
34
20
0
62
273
67
0
0
84
0
0
137
38
115
0
191
95
389
0
311
190
0
124
0
131
28
22
124
0
0
112
0
186
0
0
55
313
0
110
160
241
182
177
649
0
65
0
574
576
135
87
63
0
107
0
0
0
0
92
43
92
138
97
49
61
622
0
0
120
0
196
179
87
125
0
0
280
36
278
0
89
105
360
0
229
273
103
64
0
0
0
59
82
0
328
159
0
0
0
144
0
0
0
171
64
0
104
0
0
0
345
33
25
814
578
250
28
0
0
0
300
0
119
111
0
0
292
0
0
54
35
0
63
58
486
126
151
259
127
0
0
233
36
42
117
49
215
0
0
0
0
0
0
0
842
117
67
0
511
339
0
10
29
0
0
161
511
0
73
24
137
128
378
0
365
147
0
106
149
65
93
0
377
0
47
0
0
0
69
74
44
154
26
38
0
0
83
84
0
70
52
96
0
118
0
120
0
0
0
24
179
92
0
0
115
0
377
0
0
0
0
121
213
0
132
0
210
0
120
0
64
111
40
48
109
64
89
25
0
156
104
0
0
0
82
88
0
0
0
0
122
48
23
210
82
74
80
0
205
0
0
0
24
40
0
0
158
136
41
93
98
0
74
0
182
0
0
0
0
0
123
30
118
403
0
0
0
0
132
0
40
0
133
0
311
723
111
301
78
26
0
228
0
909
40
213
213
153
0
415
381
90
30
85
800
69
193
0
179
26
0
24
36
34
0
195
181
0
101
72
254
0
181
513
0
0
0
0
0
251
0
102
78
269
0
0
0
0
0
0
0
20
0
0
0
30
78
867
0
333
0
179
22
613
225
0
0
541
0
88
126
112
0
44
34
0
82
83
105
81
0
0
155
648
227
382
0
225
0
299
199
180
22
127
96
249
0
30
77
224
24
0
109
0
191
0
30
100
209
106
328
93
75
140
24
96
24
27
113
0
651
270
173
151
0
0
0
0
509
0
415
25
85
101
105
36
0
0
533
0
147
38
116
200
0
107
0
0
80
563
293
123
97
71
94
62
33
83
0
136
170
127
38
23
59
0
32
0
108
0
0
25
206
0
0
0
0
42
53
107
110
69
112
0
108
24
96
0
775
51
60
48
93
0
92
52
111
103
697
32
123
0
0
210
209
0
98
0
112
97
0
0
0
68
250
0
113
0
202
170
0
0
0
0
0
33
0
0
0
25
63
0
25
312
55
134
0
0
329
0
87
26
165
106
0
557
0
95
176
282
341
128
140
113
59
161
0
0
101
0
603
105
0
353
36
0
55
0
32
94
0
0
0
59
0
0
233
71
111
176
123
0
0
124
0
0
29
110
0
93
0
0
153
81
113
94
285
0
94
67
0
0
0
0
26
0
0
26
0
128
251
18
70
943
1216
222
54
133
33
0
0
0
782
36
0
94
75
155
0
148
24
83
30
0
110
0
97
63
98
78
26
32
26
24
51
0
390
0
0
0
0
95
44
35
59
0
173
0
77
70
0
0
24
0
248
683
45
58
89
123
10
145
0
432
0
0
322
505
315
820
70
0
156
337
0
0
94
26
56
111
34
78
103
0
126
115
63
132
58
509
62
241
0
154
108
117
0
0
83
510
0
0
0
0
150
154
78
228
39
90
78
101
83
0
76
0
0
440
92
0
43
35
0
24
25
123
83
0
0
0
44
137
60
0
312
149
110
51
221
0
0
31
0
0
174
168
70
0
26
26
0
116
18
0
68
0
85
102
257
0
81
58
305
344
114
101
197
0
0
0
0
0
40
0
43
72
0
64
20
0
0
0
0
140
151
0
0
217
109
0
0
766
0
302
0
86
266
75
0
47
68
0
56
131
0
0
50
42
23
38
214
38
39
154
0
0
278
0
46
102
52
97
25
767
157
0
0
104
24
281
0
108
0
81
156
46
0
730
0
0
280
47
0
0
103
43
0
0
0
0
137
0
136
149
124
234
37
0
0
75
120
840
0
0
20
0
0
68
0
441
0
0
0
497
368
442
127
109
32
0
0
195
257
0
0
0
185
0
307
42
321
239
237
121
0
0
0
0
79
125
114
226
111
0
169
0
364
92
185
0
0
140
190
0
0
200
40
468
0
40
0
0
107
161
0
0
0
0
100
71
34
0
229
40
0
0
0
0
0
0
72
215
109
827
0
284
161
28
363
0
163
10
36
38
52
164
38
40
317
264
216
494
248
0
0
0
0
35
0
0
169
239
0
0
105
0
358
185
53
328
0
0
0
446
319
0
32
0
229
0
400
0
109
68
134
115
94
0
0
34
0
0
0
0
34
189
0
116
351
827
46
45
99
354
178
91
0
92
465
78
183
92
379
24
25
106
69
103
0
0
80
0
120
0
66
834
0
78
0
73
73
0
0
70
178
40
468
62
73
367
356
98
0
20
245
0
85
116
100
0
114
0
98
0
40
0
153
194
0
0
22
167
0
486
0
182
126
291
0
27
80
0
1202
123
0
0
109
0
68
0
298
0
0
25
0
27
104
269
0
34
0
195
360
0
80
74
87
82
482
0
0
0
0
96
52
58
0
0
0
0
0
388
0
0
143
0
0
0
0
0
0
96
72
0
0
36
33
68
48
103
89
0
0
239
0
0
46
0
0
0
0
26
38
0
60
28
50
0
0
145
0
0
72
180
101
68
0
80
111
332
0
0
89
90
0
0
81
0
0
0
0
73
22
0
0
0
0
287
0
0
0
50
58
0
60
0
0
27
0
0
129
0
0
28
0
0
83
417
102
0
439
157
0
26
28
0
0
0
0
107
0
0
24
61
24
25
34
0
0
0
0
0
0
52
266
0
0
0
0
0
0
0
0
45
26
0
0
0
0
57
0
632
116
0
0
477
0
320
114
214
654
92
116
0
37
94
270
26
40
90
217
0
0
728
0
0
26
121
70
244
0
0
0
254
105
82
26
0
54
298
0
70
0
24
0
0
71
0
0
120
51
68
397
736
139
78
215
0
0
68
36
0
0
829
119
0
0
45
0
0
0
0
471
0
0
0
112
0
135
168
0
0
25
100
38
83
40
44
835
0
0
171
169
0
178
87
0
0
0
0
0
93
0
114
103
277
0
54
0
0
26
0
0
0
0
0
34
38
93
0
350
320
40
40
237
336
135
0
0
73
68
0
0
0
126
134
68
0
70
229
234
125
0
0
108
0
71
0
0
69
61
0
152
0
0
0
77
109
0
84
0
60
180
42
0
41
115
103
495
32
0
25
112
70
317
0
0
0
145
141
77
108
0
0
26
51
0
127
89
0
0
103
129
186
62
27
716
333
164
0
0
78
68
0
0
30
0
172
0
363
0
98
224
102
22
24
23
24
202
0
0
0
0
0
0
30
172
0
123
0
181
248
0
0
221
351
228
0
81
0
297
134
858
0
0
142
0
0
0
219
0
38
63
0
193
182
83
0
0
108
0
42
122
651
0
101
173
142
129
0
0
34
0
253
159
0
140
56
44
0
547
198
71
0
177
0
0
30
80
181
331
0
0
296
0
0
93
247
0
10
108
129
358
188
0
0
123
0
172
0
0
177
0
0
0
65
0
99
76
25
115
0
215
202
173
649
342
0
55
317
217
81
231
44
22
32
120
115
24
210
450
238
334
0
117
0
0
264
0
98
0
0
0
0
33
0
227
0
0
283
0
0
0
0
0
0
248
70
131
110
118
159
0
78
0
122
71
0
33
25
0
162
0
60
294
0
0
38
0
0
173
41
0
74
0
51
0
159
0
31
0
95
0
0
37
0
24
455
0
0
0
0
150
67
0
0
0
0
0
276
92
0
77
54
0
64
65
69
0
23
421
99
69
107
79
38
104
0
0
664
26
10
0
25
269
0
125
0
0
196
0
0
43
0
59
0
0
0
24
94
176
26
452
33
424
25
64
0
360
0
46
76
362
25
0
0
0
0
0
25
0
32
28
0
0
0
144
97
217
410
0
0
20
206
221
0
0
0
0
362
0
332
32
0
38
0
107
174
0
0
88
49
0
99
86
143
22
118
80
0
220
125
76
80
0
36
0
120
114
0
0
0
26
96
26
103
107
43
147
183
39
0
40
0
118
92
0
24
25
0
0
101
69
0
34
24
40
28
25
22
0
91
113
66
101
0
83
265
201
215
481
93
107
194
251
20
276
70
18
0
112
72
0
0
56
83
0
0
67
0
303
24
83
87
86
0
117
0
231
161
206
396
0
0
204
0
0
0
0
98
23
56
0
0
384
489
0
50
86
36
0
120
0
0
695
78
0
140
0
0
0
570
83
0
502
0
148
370
0
24
42
0
0
0
0
114
53
246
120
0
166
95
27
34
127
48
280
0
139
137
129
140
0
120
63
143
30
126
34
375
0
49
57
0
318
0
48
68
0
0
63
39
118
0
33
0
0
25
10
87
127
74
0
0
75
0
0
200
92
18
231
746
73
0
45
329
659
224
22
81
0
0
439
23
75
0
0
129
151
260
115
0
10
75
156
24
496
77
0
127
0
0
0
102
0
0
205
217
477
0
0
559
121
0
80
46
0
75
75
0
0
0
855
174
0
0
0
748
0
0
244
113
0
0
0
334
687
0
0
0
0
569
0
0
0
0
0
493
0
0
0
0
391
206
74
295
95
0
507
0
0
207
0
251
323
839
0
369
0
181
146
0
202
448
0
196
400
0
211
66
216
0
724
0
441
0
97
38
0
0
38
0
159
78
0
0
0
352
316
221
0
293
309
0
874
132
0
231
287
0
0
28
70
0
99
0
141
0
297
0
202
0
175
223
0
231
109
321
241
360
173
256
0
358
128
136
10
0
0
215
403
129
0
314
132
261
351
22
0
36
0
146
0
448
0
400
323
144
0
0
237
88
0
0
52
492
72
556
0
0
0
161
260
115
0
0
164
670
111
92
100
129
0
0
96
32
41
79
90
211
20
119
320
68
51
0
181
0
0
0
0
127
0
83
0
0
0
134
0
0
0
135
20
86
121
0
0
0
0
631
20
41
44
0
201
299
113
0
0
244
0
64
0
0
0
0
24
44
0
0
150
0
109
77
0
0
18
0
0
0
0
0
0
73
63
138
116
0
132
84
61
60
0
79
37
82
103
123
0
32
0
0
0
55
0
159
79
0
252
0
108
383
0
0
69
67
118
109
0
105
0
0
0
44
95
0
0
0
253
0
0
90
72
0
115
38
73
84
0
179
26
64
0
0
149
0
169
74
73
0
62
0
96
0
0
0
204
0
79
0
73
62
0
43
69
16
0
55
0
0
183
125
0
0
0
26
0
0
0
0
0
0
0
0
30
96
0
0
130
0
0
118
0
133
0
0
41
344
75
24
0
0
208
134
74
0
42
0
0
0
289
0
111
462
0
0
0
0
604
201
0
71
45
26
409
99
18
195
0
60
26
0
96
0
0
351
0
367
841
0
44
0
0
211
112
59
247
0
100
0
193
35
0
0
127
38
0
0
0
0
0
0
0
0
80
0
0
0
0
164
0
0
119
0
0
236
82
89
60
0
0
0
0
0
40
87
108
24
25
0
130
0
0
141
288
0
0
0
29
35
0
0
0
568
0
0
208
347
0
242
92
81
0
267
0
179
0
41
141
323
0
0
0
225
0
75
0
58
0
0
22
22
273
20
0
0
0
102
159
0
57
81
36
61
125
0
0
0
0
0
164
111
28
25
0
53
84
0
577
47
561
0
75
0
113
0
784
0
120
74
0
97
0
0
103
306
125
100
178
70
0
24
456
26
26
111
0
30
104
407
0
0
691
226
454
403
302
358
0
299
130
169
18
306
196
280
32
134
270
40
162
153
365
48
28
467
170
0
611
0
296
112
0
0
0
556
100
452
0
268
0
0
298
132
293
115
0
0
111
0
30
260
0
0
0
0
0
0
0
0
0
184
0
162
104
196
0
0
348
407
294
611
30
556
298
226
0
138
267
134
36
111
375
280
289
81
0
0
191
0
242
109
126
141
0
238
181
104
290
117
0
83
0
120
0
0
117
0
42
303
0
215
350
313
365
240
20
196
330
0
95
806
0
248
95
0
0
0
0
42
255
29
299
93
0
82
0
158
34
76
55
85
139
28
0
90
0
95
77
74
0
86
133
1037
423
145
268
86
0
0
0
0
275
203
189
28
162
57
227
0
0
0
312
0
97
44
0
0
223
0
0
0
0
0
105
276
0
226
93
0
0
83
24
0
0
26
0
0
159
0
94
103
67
531
60
0
253
294
0
123
0
0
0
97
0
24
0
77
0
26
0
42
396
0
0
0
0
811
0
14
227
0
0
79
0
0
127
63
0
0
0
0
164
88
36
0
0
0
0
0
0
0
252
105
0
0
124
94
0
0
226
255
198
215
132
39
38
122
238
0
270
0
80
205
0
65
0
0
0
0
222
0
0
0
140
0
139
120
0
418
0
616
0
0
0
0
0
125
0
113
96
0
153
0
0
26
104
0
0
428
183
0
121
214
0
23
106
0
30
25
0
137
71
103
0
20
52
0
0
156
0
0
68
0
0
24
0
24
0
483
257
0
102
0
0
0
0
369
242
0
1014
459
151
94
74
145
0
216
78
0
0
0
0
126
0
0
150
0
624
172
0
420
75
0
0
19
79
68
408
38
0
443
98
176
73
71
259
0
95
268
40
24
32
144
41
0
0
0
253
99
142
0
74
48
70
120
297
0
0
0
74
0
0
0
189
0
0
24
0
98
0
79
331
0
0
96
0
86
126
933
0
0
119
0
87
0
48
116
144
422
104
101
0
210
0
0
48
36
18
0
0
27
82
0
576
233
72
0
138
0
72
24
378
26
0
787
76
301
176
0
0
119
213
93
22
22
431
0
0
229
26
28
218
492
180
0
79
0
124
0
0
0
0
0
199
149
0
81
66
0
61
61
53
0
191
135
0
96
105
91
34
109
0
0
88
112
0
697
72
337
51
0
44
20
23
30
0
120
0
0
0
112
0
0
197
26
131
0
24
18
79
335
169
0
26
230
626
0
0
466
108
0
0
139
157
0
447
0
0
34
127
0
244
299
0
258
30
221
150
28
333
102
84
206
0
0
0
992
121
188
0
0
255
0
65
129
0
0
197
394
0
249
0
0
96
0
162
241
0
119
89
209
57
148
66
0
0
0
110
215
772
116
234
491
175
350
0
247
0
0
447
120
0
230
47
58
0
335
0
206
0
203
0
0
0
10
114
255
143
96
0
93
130
0
101
74
39
48
0
135
28
0
0
211
0
0
0
53
0
96
318
0
24
0
0
87
113
37
55
0
60
14
56
34
92
54
0
63
29
25
109
92
0
0
227
59
638
112
0
16
240
35
94
0
57
47
0
123
0
0
207
121
367
221
0
0
60
0
99
103
0
38
223
25
0
26
0
0
72
91
24
96
284
100
0
0
0
0
0
0
0
46
0
68
188
373
0
129
0
66
107
121
40
514
121
86
84
0
0
0
75
0
184
52
0
228
81
0
0
127
0
29
0
69
18
0
0
0
98
76
105
68
38
71
0
0
25
0
91
93
164
104
0
0
28
103
0
0
103
240
89
0
23
0
0
197
51
0
0
73
180
0
0
0
18
132
100
0
0
0
240
0
76
388
0
355
0
84
0
26
89
85
207
0
37
0
0
0
0
26
159
0
74
22
98
43
78
0
50
114
128
91
26
693
223
37
0
0
91
0
169
65
377
0
0
0
0
178
0
0
76
158
0
0
0
0
0
0
0
0
34
0
247
0
0
0
28
867
0
109
90
0
84
0
25
71
375
0
0
0
0
113
0
92
336
283
69
0
10
0
28
0
0
0
44
86
28
0
0
101
32
0
117
0
0
0
175
58
28
0
0
0
83
0
0
0
159
0
778
0
0
0
129
271
107
0
0
34
30
355
0
26
258
0
0
91
153
0
0
0
231
284
0
0
25
0
295
154
47
0
0
384
0
148
105
62
247
211
124
155
87
0
28
74
0
0
0
49
0
40
34
0
0
69
33
25
0
24
0
495
438
0
144
0
25
32
0
314
0
225
0
0
0
0
18
22
75
32
0
0
191
178
115
61
387
70
0
120
82
26
25
48
99
0
444
169
46
0
0
0
0
0
123
24
0
197
0
0
0
0
0
447
18
0
476
624
435
110
233
132
0
48
0
0
57
0
0
539
0
92
0
119
0
303
197
0
0
0
94
0
0
0
0
0
748
121
0
0
24
0
0
222
118
0
85
62
0
158
121
87
0
0
0
28
0
0
359
0
0
0
0
0
0
0
118
20
22
270
290
0
0
362
108
527
199
0
0
0
0
120
0
0
0
0
0
119
0
194
0
0
34
0
0
0
20
159
103
232
36
0
807
449
32
376
26
128
0
0
157
350
0
79
75
247
40
38
679
0
185
113
150
718
384
87
0
0
0
486
424
0
331
795
0
0
32
38
358
314
194
34
40
0
0
0
120
0
182
0
36
493
110
653
0
0
69
0
0
0
0
190
538
0
375
0
265
0
248
0
119
0
0
224
28
0
101
0
65
107
0
102
0
69
28
118
0
141
0
0
263
188
28
44
60
0
30
0
81
0
0
0
186
92
0
250
28
0
135
0
270
0
0
86
0
0
118
825
147
80
40
30
247
0
104
0
36
93
0
97
213
20
0
287
114
342
105
29
274
0
254
126
0
240
45
0
0
24
0
59
0
0
0
77
0
0
0
0
0
0
121
287
87
62
0
96
185
0
0
0
26
23
113
38
364
152
409
0
93
0
0
144
144
214
121
0
0
75
84
71
0
0
363
0
60
122
168
234
96
111
0
0
235
20
0
23
127
0
40
348
42
28
108
0
0
453
416
0
0
0
0
239
337
376
24
195
183
34
265
0
111
0
105
37
33
0
188
0
0
94
194
20
93
106
833
114
119
819
0
0
119
115
0
112
37
0
0
60
113
0
0
25
23
91
50
0
0
0
0
115
0
34
0
0
250
0
0
83
0
0
182
0
0
133
126
0
0
85
0
0
0
0
84
0
111
0
99
0
0
0
0
67
0
0
26
0
73
140
0
108
173
49
236
0
0
109
0
111
365
42
0
66
49
130
0
0
90
52
0
0
21
136
0
14
28
102
110
67
0
0
143
0
196
31
24
34
0
601
32
958
193
0
118
0
36
55
0
54
113
67
569
25
0
100
185
60
145
78
61
252
0
61
0
0
151
466
128
44
25
180
0
54
0
167
42
0
0
0
76
114
0
301
0
506
0
0
0
78
83
111
0
0
0
0
254
10
0
0
136
186
0
0
0
0
0
127
0
0
0
0
85
0
34
34
91
68
0
77
0
0
0
24
58
0
134
0
0
451
0
0
77
126
105
104
441
44
40
40
0
64
56
0
131
0
89
23
0
0
0
389
226
343
0
0
0
69
115
0
0
142
36
0
0
0
0
0
64
86
269
0
94
0
131
241
26
234
0
125
208
0
0
161
0
61
121
0
56
561
0
455
34
0
284
0
53
0
31
126
0
25
0
22
39
0
119
705
0
0
0
0
0
0
145
133
598
0
0
108
0
30
216
60
26
320
140
0
0
862
0
0
0
271
0
0
260
0
40
0
0
121
36
119
38
255
295
0
0
0
139
0
604
485
0
36
34
0
421
0
173
98
0
243
0
0
124
880
0
111
0
122
587
0
264
87
106
0
0
165
229
0
93
102
20
123
0
0
0
247
0
94
0
64
0
166
250
0
18
56
146
241
392
216
0
946
0
0
279
112
200
0
0
140
0
113
773
106
146
202
120
0
352
40
0
111
0
0
456
20
0
16
106
129
297
0
651
366
106
0
0
0
158
346
0
40
488
0
56
115
0
26
48
0
145
88
655
0
32
449
32
0
20
26
409
133
0
309
0
0
0
0
93
28
0
99
0
128
0
107
106
0
0
0
164
0
0
0
54
0
80
115
38
79
0
153
156
130
0
0
24
132
0
79
0
122
428
59
66
0
81
0
0
193
80
34
912
0
0
66
59
0
0
189
0
78
0
0
92
0
0
324
18
196
492
0
126
0
0
39
0
0
0
0
0
24
145
0
292
0
91
0
20
0
0
247
0
0
0
119
97
42
0
0
62
0
317
60
0
86
59
0
0
0
0
0
72
0
0
103
461
151
186
0
0
30
0
0
123
0
45
180
345
88
0
100
0
34
692
103
212
0
80
32
0
223
180
579
93
328
0
0
124
0
367
0
236
92
0
0
105
0
75
0
238
73
32
57
225
0
308
0
0
0
60
0
0
26
0
0
0
0
119
503
0
159
28
118
24
216
0
55
0
34
695
136
0
75
59
84
58
109
77
42
0
184
0
371
0
291
56
58
69
76
48
0
91
130
701
270
65
113
307
278
641
0
102
0
385
0
0
0
0
297
295
97
0
180
0
112
0
248
185
558
447
241
0
0
0
500
0
30
34
22
26
108
0
0
26
26
148
109
238
134
0
0
237
0
0
0
10
0
0
0
0
256
0
400
0
121
26
0
26
107
0
192
36
0
246
129
858
0
0
22
388
308
587
316
0
0
80
0
247
208
363
429
238
0
0
120
118
109
0
86
0
94
168
0
227
251
0
202
192
0
0
95
0
0
0
0
519
0
18
0
0
318
0
113
397
115
0
0
0
80
303
353
0
217
0
312
115
135
176
109
0
221
51
189
301
70
0
809
0
192
0
0
0
113
219
263
148
104
858
0
318
238
0
0
0
0
558
1007
237
94
0
534
0
79
65
105
0
128
0
0
0
94
0
74
338
0
0
0
0
0
59
329
83
0
316
115
628
0
131
0
0
0
30
149
56
0
0
0
0
265
0
0
243
243
202
0
0
554
124
96
47
61
0
0
0
0
72
145
96
0
110
42
141
0
86
52
42
0
102
0
95
0
55
103
52
0
20
133
0
0
0
62
0
0
174
101
0
107
20
112
141
42
0
188
110
0
70
0
0
147
115
68
39
90
150
0
0
0
59
62
187
72
134
0
57
0
48
0
110
558
123
157
688
0
80
120
118
0
0
0
81
0
0
0
70
192
148
0
46
73
137
47
133
60
0
130
0
0
990
0
0
0
0
0
0
0
0
0
80
0
72
188
0
56
735
0
0
84
0
0
0
0
0
321
0
0
405
51
63
65
76
150
0
74
0
0
146
0
80
45
137
111
0
0
0
194
0
77
0
0
40
0
85
0
0
109
85
0
0
76
0
140
0
0
0
108
85
480
0
0
0
0
0
26
427
0
0
0
0
44
0
0
127
0
0
54
66
0
0
0
0
0
223
0
37
100
337
110
212
0
0
102
112
55
0
0
100
95
149
0
143
0
0
85
98
90
148
0
58
26
0
0
0
105
23
97
98
103
0
0
129
222
63
30
0
0
0
156
151
0
0
443
0
450
0
151
0
0
0
0
1207
0
101
65
137
57
0
32
129
0
124
0
92
0
0
24
0
102
195
415
152
93
113
152
167
0
62
0
105
56
59
0
41
0
0
412
118
230
131
0
842
255
0
65
32
44
0
0
0
67
44
66
359
115
325
0
24
0
0
0
130
404
217
0
0
0
370
0
0
0
45
25
0
50
0
10
38
304
238
22
220
24
0
84
0
153
0
120
261
0
100
172
570
0
680
0
211
0
326
0
180
0
57
0
0
0
0
185
98
232
47
0
0
182
115
807
0
141
108
197
497
0
98
0
0
113
349
131
114
110
735
0
0
122
0
0
0
211
110
197
0
1515
871
0
118
97
10
130
246
254
39
682
0
321
307
110
268
0
108
142
322
202
0
0
0
0
182
0
126
137
244
347
112
70
104
0
42
229
320
0
138
0
390
0
0
72
104
123
116
155
388
70
0
55
26
143
242
0
126
60
38
64
210
0
254
0
24
0
311
492
0
0
36
0
148
0
371
70
138
123
0
0
123
70
78
92
0
0
0
0
0
118
108
146
73
0
0
165
0
157
0
214
0
0
394
0
0
550
0
0
101
0
103
91
0
68
0
52
219
0
261
196
0
0
0
92
333
466
0
299
0
87
0
111
121
151
117
0
0
104
0
0
217
0
0
0
56
114
49
145
134
199
0
0
46
125
111
136
114
0
0
18
134
185
237
342
0
203
0
246
58
30
172
102
295
0
143
116
0
118
181
0
69
271
98
0
0
0
0
0
146
0
82
178
32
230
0
38
28
24
0
42
64
0
205
59
52
155
103
0
38
0
64
177
156
0
0
107
77
0
77
100
116
87
270
0
110
92
186
97
0
0
154
0
0
0
333
118
121
127
0
128
88
166
0
128
32
81
0
0
0
0
99
39
53
46
66
0
46
0
0
55
0
0
583
24
0
839
351
529
0
65
0
26
193
569
71
35
30
0
45
1026
191
92
112
130
0
90
0
0
0
127
83
0
0
0
140
0
0
162
98
0
0
118
52
74
57
0
0
0
0
0
0
182
0
0
184
108
201
0
134
105
325
86
0
0
62
58
96
0
59
24
266
0
0
119
119
0
0
0
125
65
38
144
75
125
99
55
23
23
0
282
239
0
0
40
90
273
0
0
0
28
0
0
238
99
0
0
0
0
0
0
0
0
97
43
250
0
0
252
0
0
0
0
52
58
50
38
50
58
0
45
0
0
122
0
65
0
49
41
67
0
161
0
120
24
67
171
0
131
112
10
84
65
336
125
353
204
0
0
77
95
108
0
0
0
255
0
0
0
0
0
110
0
61
120
0
40
402
0
294
43
101
69
67
28
0
0
130
0
0
103
0
0
0
0
68
0
0
26
78
74
130
0
47
0
35
173
0
0
0
112
0
85
30
0
46
97
32
22
0
0
88
160
120
118
0
0
761
0
222
146
0
42
350
0
0
0
96
117
107
74
130
143
53
47
65
48
30
0
53
515
0
40
0
112
566
0
0
0
185
89
0
878
0
154
0
42
78
657
873
90
135
29
0
78
0
0
0
28
542
26
228
0
39
887
379
0
283
28
799
89
95
426
0
121
0
0
0
0
96
0
0
0
93
0
120
26
133
0
137
126
202
0
0
120
0
0
207
87
0
0
0
0
0
117
0
0
86
76
438
0
99
206
274
0
0
321
42
208
0
0
38
132
0
0
180
587
332
59
114
91
0
103
112
0
198
160
164
0
459
96
0
0
139
274
0
177
0
198
0
83
80
32
0
111
143
128
244
92
474
46
0
284
111
0
0
0
26
122
122
0
0
28
118
146
38
134
0
564
119
125
388
130
0
183
0
0
291
134
221
119
125
91
0
174
0
61
0
0
42
77
22
0
72
25
72
171
150
0
61
624
97
164
0
237
0
93
0
0
42
0
122
0
0
0
0
25
0
242
98
55
42
300
0
26
141
40
129
0
0
80
39
114
32
0
263
0
0
0
230
111
0
0
306
38
0
46
140
183
0
245
0
79
103
115
0
51
0
107
0
0
0
75
39
41
90
89
91
97
114
253
0
0
0
0
33
89
0
0
51
25
0
79
108
0
97
0
41
784
70
0
51
0
91
26
112
44
723
0
0
44
0
113
60
16
22
0
0
58
0
39
0
0
81
82
0
0
155
28
113
0
49
23
0
0
0
97
0
76
0
357
61
98
0
129
142
236
0
211
114
121
152
0
0
0
126
0
58
0
35
39
0
0
36
115
0
0
0
0
179
0
0
31
152
107
96
135
91
0
231
355
96
0
80
0
0
0
63
0
74
46
0
0
0
66
0
0
102
45
0
0
0
83
0
0
0
99
0
43
0
36
184
0
73
0
25
0
357
217
0
0
59
0
290
24
0
0
49
171
77
0
167
938
0
213
34
20
0
0
0
0
233
477
105
0
110
64
0
144
62
107
33
370
0
0
133
791
270
118
36
136
0
166
0
0
52
0
66
39
142
233
0
72
34
215
97
0
0
67
67
26
23
112
58
0
0
0
77
153
0
0
765
0
298
0
0
0
127
72
440
55
81
0
59
681
829
0
53
0
123
0
48
152
0
0
58
0
132
36
51
362
119
55
23
0
48
0
70
0
0
0
38
106
101
0
100
124
0
0
87
73
0
49
0
0
324
250
44
0
0
385
109
0
63
123
113
38
308
0
0
0
0
99
34
0
77
111
45
0
0
36
99
101
0
75
0
0
225
0
32
0
26
205
0
46
0
0
0
0
42
89
0
82
0
77
0
0
56
41
36
24
231
123
0
0
109
0
124
30
55
0
131
50
134
265
0
0
72
0
195
0
118
0
28
0
0
0
115
134
213
63
0
42
547
97
113
433
117
0
0
97
90
47
0
100
0
107
111
39
54
0
552
106
0
0
0
0
169
62
0
66
0
24
0
108
0
0
24
675
0
86
75
140
0
162
74
65
0
72
260
0
0
32
0
0
231
289
89
0
0
606
340
342
571
114
239
169
225
0
38
240
0
166
501
36
624
119
32
0
111
0
99
261
148
238
0
439
42
229
340
158
111
411
0
130
253
0
0
530
26
0
238
125
99
0
77
0
141
276
629
0
0
0
782
34
380
0
0
0
151
273
10
53
296
115
0
248
255
48
165
79
103
377
0
229
114
99
53
326
296
0
0
0
0
0
0
94
0
0
45
255
220
0
327
301
99
195
0
79
0
140
32
0
0
0
0
88
87
0
96
117
68
78
92
32
42
0
30
98
0
37
144
72
66
0
0
77
607
77
57
125
118
0
0
0
121
22
88
193
185
92
0
0
0
34
0
39
0
0
78
0
24
115
0
0
32
181
64
0
0
115
135
0
122
40
96
0
0
146
204
124
0
0
0
0
69
87
49
75
121
198
0
222
0
0
74
26
0
0
67
0
53
0
137
22
0
0
0
77
22
0
0
0
0
0
0
0
0
0
0
0
0
0
0
0
0
0
0
0
0
0
0
0
0
0
0
0
0
0
0
0
0
0
0
0
0
0
0
0
0
0
0
0
0
0
0
0
0
0
0
0
0
0
0
0
0
0
0
0
0
0
0
0
0
0
0
0
0
0
0
0
0
0
0
0
0
0
0
0
0
0
0
0
0
0
0
0
0
0
0
0
0
0
0
0
0
0
0
0
0
0
0
0
0
0
0
0
0
0
0
0
0
0
0
0
0
0
0
0
0
0
0
0
0
0
0
0
0
0
0
0
0
0
0
143
0
0
138
240
0
0
0
0
131
0
0
0
122
0
304
0
89
149
0
119
0
0
132
77
161
314
127
0
78
132
133
129
114
109
206
0
0
0
230
236
0
441
358
169
0
175
234
0
0
565
0
347
0
0
89
0
32
111
223
329
92
490
589
0
0
0
92
50
128
0
349
0
67
206
218
0
26
742
0
0
0
109
0
43
100
90
644
0
32
453
121
0
0
109
114
70
0
0
774
0
214
257
80
0
0
87
0
119
0
0
22
53
177
281
77
0
0
115
0
851
429
0
116
51
52
0
0
0
195
173
0
82
194
57
0
0
0
116
0
0
70
0
0
239
0
159
303
0
77
568
0
121
0
24
129
0
138
137
697
54
83
131
98
0
95
0
0
0
28
112
0
61
66
0
0
64
118
0
327
113
0
35
0
44
0
96
55
0
689
0
97
0
0
0
111
97
0
0
0
0
54
0
0
0
50
0
134
0
101
0
0
178
0
0
264
0
0
0
0
235
80
0
0
0
0
0
0
123
0
0
116
0
0
37
264
0
174
0
0
0
62
0
620
0
114
41
0
0
0
73
0
126
213
31
0
0
0
316
217
90
0
0
0
150
0
0
148
90
0
0
0
0
0
0
166
0
114
26
108
259
0
34
100
0
0
60
0
0
0
0
298
0
231
0
198
98
56
58
53
0
0
0
100
48
0
0
0
71
117
0
290
0
113
0
61
0
220
845
0
0
0
0
0
125
957
103
0
0
0
0
23
117
0
89
0
143
0
0
75
0
0
95
0
398
0
0
0
0
125
65
0
701
0
0
0
0
262
0
0
0
79
107
0
35
44
101
157
109
107
0
110
0
0
87
81
0
58
0
0
0
0
62
0
0
75
36
898
206
0
75
211
28
0
28
365
242
0
29
0
0
82
414
40
0
0
0
0
133
0
47
48
0
119
100
34
118
0
0
0
24
291
0
82
0
0
0
0
0
558
24
68
0
0
196
55
0
107
0
0
170
0
129
0
120
85
85
54
0
0
0
644
105
0
123
0
181
248
80
238
59
153
95
79
101
0
139
38
67
68
0
124
125
81
0
37
28
66
100
0
0
0
226
130
130
0
84
0
0
0
0
0
0
0
0
29
24
354
0
0
0
0
38
158
103
0
0
0
0
0
168
0
0
0
53
286
653
228
0
252
0
0
0
229
0
0
0
151
730
0
383
0
0
941
146
570
0
404
668
0
0
169
105
212
24
0
143
0
0
0
0
0
0
0
0
0
0
0
0
0
0
0
0
0
0
0
115
0
0
0
0
0
0
0
0
0
0
0
0
0
0
0
0
0
0
213
0
77
0
38
0
0
230
130
0
0
0
0
0
0
0
0
0
0
0
160
0
0
40
0
0
0
0
0
0
0
0
0
0
0
0
0
0
0
0
0
0
0
0
0
0
0
0
0
0
0
0
0
0
0
0
0
0
0
0
0
0
0
0
0
0
0
135
0
135
0
0
0
0
0
0
0
0
0
0
118
0
0
0
0
28
0
0
0
0
0
77
0
0
0
0
0
0
0
0
0
0
0
0
0
0
0
0
0
0
0
0
0
0
0
0
0
0
0
0
0
0
39
0
0
0
0
0
0
0
0
0
0
0
0
0
0
0
0
0
0
0
0
0
0
187
0
0
0
891
0
0
0
0
0
38
0
0
71
0
0
0
0
0
0
0
0
0
0
164
0
0
0
0
0
0
0
0
0
0
0
0
0
0
0
0
0
0
0
0
0
0
0
0
123
0
0
0
0
35
0
0
0
0
0
0
0
0
0
0
0
80
0
0
0
0
0
173
627
258
0
0
0
0
0
0
89
0
0
230
130
77
0
0
0
0
0
0
0
138
0
0
0
0
0
0
159
0
0
0
0
0
0
0
0
0
0
0
0
0
0
0
0
0
0
0
0
0
0
0
0
0
0
0
0
0
0
0
0
0
0
0
0
0
0
0
0
0
0
0
0
0
0
0
0
0
0
0
90
0
0
0
88
0
0
0
0
0
0
0
0
0
0
0
0
0
0
0
0
0
233
0
0
0
0
0
0
0
0
0
0
0
0
0
0
0
484
0
0
0
0
0
0
274
0
0
0
30
0
0
0
0
0
0
0
0
0
0
0
0
0
0
0
0
0
0
0
0
0
0
0
0
0
0
0
99
0
188
0
0
0
48
20
0
0
0
0
0
0
171
0
57
0
0
0
58
83
36
61
0
0
52
83
0
90
0
0
0
128
0
0
0
0
0
0
0
119
0
0
0
0
0
193
0
0
514
139
0
0
0
0
61
0
0
0
0
0
0
0
0
88
0
0
0
187
0
0
0
0
0
0
0
0
0
0
0
0
0
0
0
0
0
22
0
0
0
0
0
0
0
0
0
0
0
84
0
0
347
187
0
0
0
61
0
0
0
0
0
0
0
0
0
0
0
0
0
0
0
0
0
0
0
0
0
0
0
0
0
0
0
0
0
0
0
0
0
0
0
20
0
0
73
0
28
0
0
0
0
0
28
0
0
0
0
0
0
22
0
0
96
0
196
0
115
0
0
0
0
0
0
0
0
0
0
0
0
208
100
0
0
0
85
0
0
122
0
0
0
0
0
0
0
0
0
0
0
24
201
0
0
0
0
0
0
0
0
0
124
0
0
309
350
0
0
0
401
0
0
0
0
0
0
123
0
0
0
80
0
0
0
0
0
0
0
0
0
0
0
0
0
0
0
0
0
0
0
0
0
0
0
0
0
0
236
0
0
762
99
0
0
0
0
0
0
0
313
0
0
0
0
253
0
0
349
0
0
0
0
0
0
0
0
0
0
0
0
0
0
0
0
0
0
0
0
0
102
0
0
0
0
0
87
0
0
0
0
0
0
0
0
0
0
0
0
0
0
0
0
0
79
0
0
0
0
0
0
0
0
0
0
0
0
0
0
0
70
0
0
0
0
0
16
0
0
0
0
0
0
0
0
0
0
0
0
0
0
0
0
0
0
0
0
175
0
0
0
0
0
0
0
0
0
0
0
0
0
30
0
0
0
0
0
0
0
0
0
0
0
0
0
0
0
0
0
0
0
0
0
38
0
38
0
0
0
0
0
73
0
0
0
38
0
0
0
0
0
483
0
0
0
0
0
0
0
0
0
0
0
0
0
0
0
0
289
0
0
0
0
108
0
0
0
0
0
0
0
0
0
0
0
0
0
0
34
0
0
0
20
0
0
0
59
0
77
0
0
0
0
0
0
0
0
0
26
0
24
0
0
0
0
0
0
0
0
133
75
0
65
0
36
0
0
0
0
0
0
0
0
0
0
0
0
0
0
0
0
541
0
127
0
0
0
0
0
247
0
0
0
258
379
0
20
0
0
0
0
0
370
0
0
0
0
0
0
0
0
0
0
0
0
0
0
0
0
0
0
0
0
0
0
0
0
0
0
0
0
0
0
0
0
0
0
0
0
0
0
0
0
0
0
110
0
0
0
0
0
0
92
0
0
0
0
0
0
0
0
0
0
0
78
0
0
43
0
0
0
0
0
0
0
130
0
0
0
174
95
0
92
0
0
0
0
0
0
0
0
0
293
0
0
362
135
70
25
0
0
0
0
0
0
0
243
0
0
0
0
0
0
0
0
0
0
0
0
0
0
0
164
0
0
0
0
0
0
0
0
0
0
0
0
0
120
0
0
0
0
0
91
0
0
0
0
0
0
0
0
0
0
0
0
0
0
0
16
0
0
0
0
0
0
0
0
0
0
0
30
122
0
0
0
85
115
111
0
0
0
0
0
0
25
0
0
0
0
0
0
0
0
0
0
0
0
0
0
71
144
0
0
0
0
73
0
0
0
72
0
0
0
0
0
0
443
0
0
0
0
0
208
0
0
0
0
0
0
0
0
0
0
0
0
0
0
0
0
0
0
0
0
0
0
0
0
0
0
0
0
32
0
0
0
0
0
0
48
0
0
0
0
0
0
153
0
186
0
0
0
0
0
189
0
0
0
0
0
0
0
48
0
0
0
0
204
0
85
0
0
158
0
0
107
0
0
150
40
38
0
0
0
0
0
0
77
41
0
0
0
0
0
0
0
0
0
0
0
122
0
61
128
0
97
0
61
32
0
23
0
24
24
24
0
0
0
0
0
0
67
0
0
0
0
42
0
0
40
0
0
146
0
0
203
98
0
0
0
0
0
0
0
0
54
0
0
0
26
62
0
0
0
0
0
0
0
0
0
0
0
0
0
0
0
31
93
0
0
0
0
0
0
0
216
0
0
0
0
0
0
109
0
0
98
103
0
0
113
0
0
137
74
0
0
0
0
0
0
0
0
0
0
0
71
0
0
0
105
0
0
0
0
0
0
0
0
24
0
0
0
0
0
0
0
0
0
0
277
0
0
0
0
0
123
0
0
0
0
0
0
208
0
0
24
0
0
0
24
0
28
356
0
0
0
0
0
0
0
250
531
0
0
24
0
0
46
0
123
0
0
24
0
0
0
0
0
106
0
0
45
162
0
87
83
0
0
0
0
0
0
41
0
0
197
0
0
0
213
0
0
280
0
0
0
0
88
0
0
0
0
0
0
25
65
0
0
39
0
386
0
0
0
60
0
0
0
0
0
730
0
0
517
115
0
0
0
0
0
32
0
115
0
0
0
88
0
80
0
0
0
0
0
0
0
0
0
0
0
0
0
0
0
0
0
0
0
33
0
0
0
0
0
0
0
0
0
0
0
0
200
